{
  "nbformat": 4,
  "nbformat_minor": 0,
  "metadata": {
    "colab": {
      "provenance": [],
      "authorship_tag": "ABX9TyM4ml6Xv3bxrQUVMKgQav3k",
      "include_colab_link": true
    },
    "kernelspec": {
      "name": "python3",
      "display_name": "Python 3"
    },
    "language_info": {
      "name": "python"
    }
  },
  "cells": [
    {
      "cell_type": "markdown",
      "metadata": {
        "id": "view-in-github",
        "colab_type": "text"
      },
      "source": [
        "<a href=\"https://colab.research.google.com/github/dinusariehewage-coder/ET3112-/blob/main/Q6(b).ipynb\" target=\"_parent\"><img src=\"https://colab.research.google.com/assets/colab-badge.svg\" alt=\"Open In Colab\"/></a>"
      ]
    },
    {
      "cell_type": "code",
      "execution_count": 4,
      "metadata": {
        "colab": {
          "base_uri": "https://localhost:8080/"
        },
        "id": "5Q5jxzf_pQ7A",
        "outputId": "dfb2945f-921d-4463-ac00-60a3b1dd9c66"
      },
      "outputs": [
        {
          "output_type": "stream",
          "name": "stdout",
          "text": [
            "5×5 DoG kernel (x-direction):\n",
            " [[ 0.04413011  0.03210446 -0.         -0.03210446 -0.04413011]\n",
            " [ 0.06420893  0.04671172 -0.         -0.04671172 -0.06420893]\n",
            " [ 0.07275825  0.05293131 -0.         -0.05293131 -0.07275825]\n",
            " [ 0.06420893  0.04671172 -0.         -0.04671172 -0.06420893]\n",
            " [ 0.04413011  0.03210446 -0.         -0.03210446 -0.04413011]]\n",
            "\n",
            "5×5 DoG kernel (y-direction):\n",
            " [[ 0.04413011  0.06420893  0.07275825  0.06420893  0.04413011]\n",
            " [ 0.03210446  0.04671172  0.05293131  0.04671172  0.03210446]\n",
            " [-0.         -0.         -0.         -0.         -0.        ]\n",
            " [-0.03210446 -0.04671172 -0.05293131 -0.04671172 -0.03210446]\n",
            " [-0.04413011 -0.06420893 -0.07275825 -0.06420893 -0.04413011]]\n"
          ]
        }
      ],
      "source": [
        "import cv2 as cv\n",
        "import numpy as np\n",
        "import matplotlib.pyplot as plt\n",
        "from mpl_toolkits.mplot3d import Axes3D\n",
        "\n",
        "sigma = 2\n",
        "size = 5\n",
        "k = size // 2\n",
        "\n",
        "# Coordinate grid\n",
        "x, y = np.meshgrid(np.arange(-k, k+1), np.arange(-k, k+1))\n",
        "\n",
        "# Gaussian\n",
        "G = (1 / (2 * np.pi * sigma**2)) * np.exp(-(x**2 + y**2) / (2 * sigma**2))\n",
        "\n",
        "# Derivatives\n",
        "Gx = -(x / sigma**2) * G\n",
        "Gy = -(y / sigma**2) * G\n",
        "\n",
        "# Normalize kernels (sum of absolute values = 1)\n",
        "Gx = Gx / np.sum(np.abs(Gx))\n",
        "Gy = Gy / np.sum(np.abs(Gy))\n",
        "\n",
        "print(\"5×5 DoG kernel (x-direction):\\n\", Gx)\n",
        "print(\"\\n5×5 DoG kernel (y-direction):\\n\", Gy)\n",
        "\n"
      ]
    }
  ]
}